BSPLINE 
16 
30 


10.0000 0.00000 
9.78148 2.07912
9.13545 4.06737
8.09017 5.87785
6.69131 7.43145
5.00000 8.66025
3.09017 9.51057
1.04528 9.94522
-1.04529 9.94522
-3.09017 9.51056
-5.00000 8.66025
-6.69131 7.43145
-8.09017 5.87785
-9.13546 4.06737
-9.78148 2.07912
-10.0000 0.00000
-9.78148 -2.07912
-9.13545 -4.06737
-8.09017 -5.87785
-6.69131 -7.43145
-5.00000 -8.66025
-3.09017 -9.51057
-1.04528 -9.94522
1.04528 -9.94522
3.09017 -9.51056
5.00000 -8.66025
6.69131 -7.43145
8.09017 -5.87785
9.13546 -4.06737
9.78148 -2.07912
0.0 
0.0 1 0 0 
0 -23 0 


10.0000 0.00000 
9.78148 2.07912
9.13545 4.06737
8.09017 5.87785
6.69131 7.43145
5.00000 8.66025
3.09017 9.51057
1.04528 9.94522
-1.04529 9.94522
-3.09017 9.51056
-5.00000 8.66025
-6.69131 7.43145
-8.09017 5.87785
-9.13546 4.06737
-9.78148 2.07912
-10.0000 0.00000
-9.78148 -2.07912
-9.13545 -4.06737
-8.09017 -5.87785
-6.69131 -7.43145
-5.00000 -8.66025
-3.09017 -9.51057
-1.04528 -9.94522
1.04528 -9.94522
3.09017 -9.51056
5.00000 -8.66025
6.69131 -7.43145
8.09017 -5.87785
9.13546 -4.06737
9.78148 -2.07912
0.4 
0.0 1 0 0 
0 -23 0 


9.50000 0.00000 
9.78148 2.07912
9.13545 4.06737
7.68566 5.58396 
6.02217 6.66883 
4.75000 8.22724 
3.09017 9.51057
1.04528 9.94522
-0.99302 9.44796 
-2.78115 8.55951 
-4.75000 8.22724 
-6.69131 7.43145
-8.09017 5.87785
-8.67868 3.86400 
-8.80333 1.87120 
-9.50000 0.00000 
-9.78148 -2.07912
-9.13545 -4.06737
-7.68566 -5.58396 
-6.02217 -6.66883 
-4.75000 -8.22724 
-3.09017 -9.51057
-1.04528 -9.94522
0.99302 -9.44796 
2.78115 -8.55951 
4.75000 -8.22724 
6.69131 -7.43145
8.09017 -5.87785
8.67868 -3.86400 
8.80333 -1.87120 
0.5 
0.0 1 0 0 
0 -21 0 


9.50000 0.00000 
9.78148 2.07912
9.13545 4.06737
7.68566 5.58396 
6.02217 6.66883 
4.75000 8.22724 
3.09017 9.51057
1.04528 9.94522
-0.99302 9.44796 
-2.78115 8.55951 
-4.75000 8.22724 
-6.69131 7.43145
-8.09017 5.87785
-8.67868 3.86400 
-8.80333 1.87120 
-9.50000 0.00000 
-9.78148 -2.07912
-9.13545 -4.06737
-7.68566 -5.58396 
-6.02217 -6.66883 
-4.75000 -8.22724 
-3.09017 -9.51057
-1.04528 -9.94522
0.99302 -9.44796 
2.78115 -8.55951 
4.75000 -8.22724 
6.69131 -7.43145
8.09017 -5.87785
8.67868 -3.86400 
8.80333 -1.87120 
0.48 
0.3 0 1 0 
0 -17 0 


9.50000 0.00000 
9.78148 2.07912
9.13545 4.06737
7.68566 5.58396 
6.02217 6.66883 
4.75000 8.22724 
3.09017 9.51057
1.04528 9.94522
-0.99302 9.44796 
-2.78115 8.55951 
-4.75000 8.22724 
-6.69131 7.43145
-8.09017 5.87785
-8.67868 3.86400 
-8.80333 1.87120 
-9.50000 0.00000 
-9.78148 -2.07912
-9.13545 -4.06737
-7.68566 -5.58396 
-6.02217 -6.66883 
-4.75000 -8.22724 
-3.09017 -9.51057
-1.04528 -9.94522
0.99302 -9.44796 
2.78115 -8.55951 
4.75000 -8.22724 
6.69131 -7.43145
8.09017 -5.87785
8.67868 -3.86400 
8.80333 -1.87120 
0.4 
0.6 0 1 0 
0 -13 0 


10.0000 0.00000 
9.78148 2.07912
9.13545 4.06737
8.09017 5.87785
6.69131 7.43145
5.00000 8.66025
3.09017 9.51057
1.04528 9.94522
-1.04529 9.94522
-3.09017 9.51056
-5.00000 8.66025
-6.69131 7.43145
-8.09017 5.87785
-9.13546 4.06737
-9.78148 2.07912
-10.0000 0.00000
-9.78148 -2.07912
-9.13545 -4.06737
-8.09017 -5.87785
-6.69131 -7.43145
-5.00000 -8.66025
-3.09017 -9.51057
-1.04528 -9.94522
1.04528 -9.94522
3.09017 -9.51056
5.00000 -8.66025
6.69131 -7.43145
8.09017 -5.87785
9.13546 -4.06737
9.78148 -2.07912
0.45 
0.6 0 1 0 
0 -9 0 


10.0000 0.00000 
9.78148 2.07912
9.13545 4.06737
8.09017 5.87785
6.69131 7.43145
5.00000 8.66025
3.09017 9.51057
1.04528 9.94522
-1.04529 9.94522
-3.09017 9.51056
-5.00000 8.66025
-6.69131 7.43145
-8.09017 5.87785
-9.13546 4.06737
-9.78148 2.07912
-10.0000 0.00000
-9.78148 -2.07912
-9.13545 -4.06737
-8.09017 -5.87785
-6.69131 -7.43145
-5.00000 -8.66025
-3.09017 -9.51057
-1.04528 -9.94522
1.04528 -9.94522
3.09017 -9.51056
5.00000 -8.66025
6.69131 -7.43145
8.09017 -5.87785
9.13546 -4.06737
9.78148 -2.07912
0.5 
0.0 1 0 0 
0 -5 0 


10.0000 0.00000 
9.78148 2.07912
9.13545 4.06737
8.09017 5.87785
6.69131 7.43145
5.00000 8.66025
3.09017 9.51057
1.04528 9.94522
-1.04529 9.94522
-3.09017 9.51056
-5.00000 8.66025
-6.69131 7.43145
-8.09017 5.87785
-9.13546 4.06737
-9.78148 2.07912
-10.0000 0.00000
-9.78148 -2.07912
-9.13545 -4.06737
-8.09017 -5.87785
-6.69131 -7.43145
-5.00000 -8.66025
-3.09017 -9.51057
-1.04528 -9.94522
1.04528 -9.94522
3.09017 -9.51056
5.00000 -8.66025
6.69131 -7.43145
8.09017 -5.87785
9.13546 -4.06737
9.78148 -2.07912
0.4 
0.0 1 0 0 
0 0 0 


10.0000 0.00000 
9.78148 2.07912
9.13545 4.06737
8.09017 5.87785
6.69131 7.43145
5.00000 8.66025
3.09017 9.51057
1.04528 9.94522
-1.04529 9.94522
-3.09017 9.51056
-5.00000 8.66025
-6.69131 7.43145
-8.09017 5.87785
-9.13546 4.06737
-9.78148 2.07912
-10.0000 0.00000
-9.78148 -2.07912
-9.13545 -4.06737
-8.09017 -5.87785
-6.69131 -7.43145
-5.00000 -8.66025
-3.09017 -9.51057
-1.04528 -9.94522
1.04528 -9.94522
3.09017 -9.51056
5.00000 -8.66025
6.69131 -7.43145
8.09017 -5.87785
9.13546 -4.06737
9.78148 -2.07912
0.2 
0.0 1 0 0 
0 5 0 


10.0000 0.00000 
9.78148 2.07912
9.13545 4.06737
8.09017 5.87785
6.69131 7.43145
5.00000 8.66025
3.09017 9.51057
1.04528 9.94522
-1.04529 9.94522
-3.09017 9.51056
-5.00000 8.66025
-6.69131 7.43145
-8.09017 5.87785
-9.13546 4.06737
-9.78148 2.07912
-10.0000 0.00000
-9.78148 -2.07912
-9.13545 -4.06737
-8.09017 -5.87785
-6.69131 -7.43145
-5.00000 -8.66025
-3.09017 -9.51057
-1.04528 -9.94522
1.04528 -9.94522
3.09017 -9.51056
5.00000 -8.66025
6.69131 -7.43145
8.09017 -5.87785
9.13546 -4.06737
9.78148 -2.07912
0.12 
0.0 1 0 0 
0 13 0 


10.0000 0.00000 
9.78148 2.07912
9.13545 4.06737
8.09017 5.87785
6.69131 7.43145
5.00000 8.66025
3.09017 9.51057
1.04528 9.94522
-1.04529 9.94522
-3.09017 9.51056
-5.00000 8.66025
-6.69131 7.43145
-8.09017 5.87785
-9.13546 4.06737
-9.78148 2.07912
-10.0000 0.00000
-9.78148 -2.07912
-9.13545 -4.06737
-8.09017 -5.87785
-6.69131 -7.43145
-5.00000 -8.66025
-3.09017 -9.51057
-1.04528 -9.94522
1.04528 -9.94522
3.09017 -9.51056
5.00000 -8.66025
6.69131 -7.43145
8.09017 -5.87785
9.13546 -4.06737
9.78148 -2.07912
0.15
0.0 1 0 0 
0 13 0 


10.0000 0.00000 
9.78148 2.07912
9.13545 4.06737
8.09017 5.87785
6.69131 7.43145
5.00000 8.66025
3.09017 9.51057
1.04528 9.94522
-1.04529 9.94522
-3.09017 9.51056
-5.00000 8.66025
-6.69131 7.43145
-8.09017 5.87785
-9.13546 4.06737
-9.78148 2.07912
-10.0000 0.00000
-9.78148 -2.07912
-9.13545 -4.06737
-8.09017 -5.87785
-6.69131 -7.43145
-5.00000 -8.66025
-3.09017 -9.51057
-1.04528 -9.94522
1.04528 -9.94522
3.09017 -9.51056
5.00000 -8.66025
6.69131 -7.43145
8.09017 -5.87785
9.13546 -4.06737
9.78148 -2.07912
0.15
0.0 1 0 0 
0 14 0 


10.0000 0.00000 
9.78148 2.07912
9.13545 4.06737
8.09017 5.87785
6.69131 7.43145
5.00000 8.66025
3.09017 9.51057
1.04528 9.94522
-1.04529 9.94522
-3.09017 9.51056
-5.00000 8.66025
-6.69131 7.43145
-8.09017 5.87785
-9.13546 4.06737
-9.78148 2.07912
-10.0000 0.00000
-9.78148 -2.07912
-9.13545 -4.06737
-8.09017 -5.87785
-6.69131 -7.43145
-5.00000 -8.66025
-3.09017 -9.51057
-1.04528 -9.94522
1.04528 -9.94522
3.09017 -9.51056
5.00000 -8.66025
6.69131 -7.43145
8.09017 -5.87785
9.13546 -4.06737
9.78148 -2.07912
0.04 
0.0 1 0 0 
0 14 0 


10.0000 0.00000 
9.78148 2.07912
9.13545 4.06737
8.09017 5.87785
6.69131 7.43145
5.00000 8.66025
3.09017 9.51057
1.04528 9.94522
-1.04529 9.94522
-3.09017 9.51056
-5.00000 8.66025
-6.69131 7.43145
-8.09017 5.87785
-9.13546 4.06737
-9.78148 2.07912
-10.0000 0.00000
-9.78148 -2.07912
-9.13545 -4.06737
-8.09017 -5.87785
-6.69131 -7.43145
-5.00000 -8.66025
-3.09017 -9.51057
-1.04528 -9.94522
1.04528 -9.94522
3.09017 -9.51056
5.00000 -8.66025
6.69131 -7.43145
8.09017 -5.87785
9.13546 -4.06737
9.78148 -2.07912
0.04 
0.0 1 0 0 
0 20 0 


10.0000 0.00000 
9.78148 2.07912
9.13545 4.06737
8.09017 5.87785
6.69131 7.43145
5.00000 8.66025
3.09017 9.51057
1.04528 9.94522
-1.04529 9.94522
-3.09017 9.51056
-5.00000 8.66025
-6.69131 7.43145
-8.09017 5.87785
-9.13546 4.06737
-9.78148 2.07912
-10.0000 0.00000
-9.78148 -2.07912
-9.13545 -4.06737
-8.09017 -5.87785
-6.69131 -7.43145
-5.00000 -8.66025
-3.09017 -9.51057
-1.04528 -9.94522
1.04528 -9.94522
3.09017 -9.51056
5.00000 -8.66025
6.69131 -7.43145
8.09017 -5.87785
9.13546 -4.06737
9.78148 -2.07912
0.04 
-1.57 0 0 1 
1 22 0 


10.0000 0.00000 
9.78148 2.07912
9.13545 4.06737
8.09017 5.87785
6.69131 7.43145
5.00000 8.66025
3.09017 9.51057
1.04528 9.94522
-1.04529 9.94522
-3.09017 9.51056
-5.00000 8.66025
-6.69131 7.43145
-8.09017 5.87785
-9.13546 4.06737
-9.78148 2.07912
-10.0000 0.00000
-9.78148 -2.07912
-9.13545 -4.06737
-8.09017 -5.87785
-6.69131 -7.43145
-5.00000 -8.66025
-3.09017 -9.51057
-1.04528 -9.94522
1.04528 -9.94522
3.09017 -9.51056
5.00000 -8.66025
6.69131 -7.43145
8.09017 -5.87785
9.13546 -4.06737
9.78148 -2.07912
0.04 
-1.57 0 0 1 
5 22 0 
