CATMULL_ROM
26
19

0 0
0 0
0 0
0 0
0 0
0 0
0 0
0 0
0 0
0 0
0 0
0 0
0 0
0 0
0 0
0 0
0 0
0 0
0 0
0.1
3.14159265 0 0 1
-6 10.1 -4

-4 -2
-4 -2
-4 -2
-4 -2
-4 -2
-4 -2
-4 -2
-4 -2
-4 -2
-4 -2
-4 -2
-4 -2
-4 -2
-4 -2
-4 -2
-4 -2
-4 -2
-4 -2
-4 -2
1
3.14159265 0 0 1
0 10.1 0

-1 0
-1.25 0
-1.5 0
-2 0
-2.5 0
-3 0
-3.5 0
-4 0
-7 -2
-8 -4
-8 -7
-7 -8
-6 -6
-3 -4
-0.5 -5
-1 -3
-1 -2.5
-1 -1.5
-1 -1
1
3.14159265 0 0 1
0 10 0

0 0
-1 0
-1.5 0
-2 0
-2.5 0
-3 0
-3.5 0
-4 0
-7 -2
-10 -4
-11 -7
-9 -8
-6 -6
-3 -4
-0.5 -5
0 -3
-1 -2.5
-1 -1.5
0 -1
1
3.14159265 0 0 1
0 8.1 0

0 0
-1 0
-1.5 0
-2 0
-2.5 0.5
-3 0
-3.5 0
-4 0
-7 -2
-10 -4
-11 -7
-9 -8
-6 -6
-3 -4
-0.5 -5
0 -3
-1 -2.5
-1 -1.5
0 -1
1
3.14159265 0 0 1
0 8 0

0 0
-1 0
-1.5 0
-2 0
-2.5 0.5
-3 0
-3.5 0
-4 0
-7 -2
-10 -4
-11 -7
-9 -8
-6 -6
-3 -4
-0.5 -5
0 -3
-1 -2.5
-1 -1.5
0 -1
1
3.14159265 0 0 1
0 7.1 0

0 0
-1 0
-1.5 0.5
-2 0
-2.5 0
-3 0
-3.5 0.5
-4 0
-7 -2
-10 -4
-11 -7
-9 -8
-6 -6
-3 -4
-0.5 -5
0 -3
-1 -2.5
-1 -1.5
0 -1
1
3.14159265 0 0 1
0 6.9 0

0 0
-1 0
-1.5 0.5
-2 0
-2.5 0
-3 0
-3.5 0.5
-4 0
-7 -2
-10 -4
-11 -7
-9 -8
-6 -6
-3 -4
-0.5 -5
0 -3
-1 -2.5
-1 -1.5
0 -1
1
3.14159265 0 0 1
0 6.1 0

0 0
-1 0
-1.5 0
-2 0
-2.5 0.5
-3 0
-3.5 0
-4 0
-7 -2
-10 -4
-11 -7
-9 -8
-6 -6
-3 -4
-0.5 -5
0 -3
-1 -2.5
-1 -1.5
0 -1
1
3.14159265 0 0 1
0 5.9 0

0 0
-1 0
-1.5 0
-2 0
-2.5 0.5
-3 0
-3.5 0
-4 0
-7 -2
-10 -4
-11 -7
-9 -8
-6 -6
-3 -4
-0.5 -5
0 -3
-1 -2.5
-1 -1.5
0 -1
1
3.14159265 0 0 1
0 5.1 0

0 0
-1 0
-1.5 0
-2 0
-2.5 0
-3 0
-3.5 0
-4 0
-7 -2
-10 -4
-11 -7
-9 -8
-6 -6
-3 -4
-0.5 -5
0 -3
-1 -2.5
-1 -1.5
0 -1
1
3.14159265 0 0 1
0 5 0

0 0
-1 0
-1.5 0
-2 0
-2.5 0
-3 0
-3.5 0
-4 0
-7 -2
-10 -4
-11 -7
-9 -8
-6 -6
-3 -4
-0.5 -5
0 -3
-1 -2.5
-1 -1.5
0 -1
1
3.14159265 0 0 1
0 3 0

-1 0
-1.375 -0.1
-1.75 -0.2
-2.125 -0.3
-2.5 -0.5
-2.875 -0.6
-3.25 -0.6
-3.75 -0.7
-4 -1
-5.5 -2
-5.5 -3
-4 -3.5
-2.5 -4
-1 -5
0 -5
-1 -3
-1 -2
-1 -1
-1 -0.5
1
3.14159265 0 0 1
0 2.9 0

-1 0
-1.375 -0.1
-1.75 -0.2
-2.125 -0.3
-2.5 -0.5
-2.875 -0.6
-3.25 -0.6
-3.75 -0.7
-4 -1
-5.5 -2
-5.5 -3
-4 -3.5
-2.5 -4
-1 -5
0 -5
-1 -3
-1 -2
-1 -1
-1 -0.5
1
3.14159265 0 0 1
0 -2.9 0

0 0
-1 0
-1.5 0
-2 0
-2.5 0
-3 0
-3.5 0
-4 0
-7 -2
-10 -4
-11 -7
-9 -8
-6 -6
-3 -4
-0.5 -5
0 -3
-1 -2.5
-1 -1.5
0 -1
1
3.14159265 0 0 1
0 -3 0

0 0
-1 0
-1.5 0
-2 0
-2.5 0
-3 0
-3.5 0
-4 0
-7 -2
-10 -4
-11 -7
-9 -8
-6 -6
-3 -4
-0.5 -5
0 -3
-1 -2.5
-1 -1.5
0 -1
1
3.14159265 0 0 1
0 -5 0

0 0
-1 0
-2 0
-2 0.5
-2.5 0.5
-3 0.5
-3 0
-4 0
-7 -2
-10 -4
-11 -7
-9 -8
-6 -6
-3 -4
-0.5 -5
0 -3
-1 -2.5
-1 -1.5
0 -1
1
3.14159265 0 0 1
0 -5.1 0

0 0
-1 0
-2 0
-2 0.5
-2.5 0.5
-3 0.5
-3 0
-4 0
-7 -2
-10 -4
-11 -7
-9 -8
-6 -6
-3 -4
-0.5 -5
0 -3
-1 -2.5
-1 -1.5
0 -1
1
3.14159265 0 0 1
0 -5.9 0

0 0
-1 0
-1.2 0
-1.2 0.5
-2.5 0.5
-3.8 0.5
-3.8 0
-4 0
-7 -2
-10 -4
-11 -7
-9 -8
-6 -6
-3 -4
-0.5 -5
0 -3
-1 -2.5
-1 -1.5
0 -1
1
3.14159265 0 0 1
0 -6.1 0

0 0
-1 0
-1.2 0
-1.2 0.5
-2.5 0.5
-3.8 0.5
-3.8 0
-4 0
-7 -2
-10 -4
-11 -7
-9 -8
-6 -6
-3 -4
-0.5 -5
0 -3
-1 -2.5
-1 -1.5
0 -1
1
3.14159265 0 0 1
0 -6.9 0

0 0
-1 0
-2 0
-2 0.5
-2.5 0.5
-3 0.5
-3 0
-4 0
-7 -2
-10 -4
-11 -7
-9 -8
-6 -6
-3 -4
-0.5 -5
0 -3
-1 -2.5
-1 -1.5
0 -1
1
3.14159265 0 0 1
0 -7.1 0

0 0
-1 0
-2 0
-2 0.5
-2.5 0.5
-3 0.5
-3 0
-4 0
-7 -2
-10 -4
-11 -7
-9 -8
-6 -6
-3 -4
-0.5 -5
0 -3
-1 -2.5
-1 -1.5
0 -1
1
3.14159265 0 0 1
0 -8 0

0 0
-1 0
-1.5 0
-2 0
-2.5 0
-3 0
-3.5 0
-4 0
-7 -2
-10 -4
-11 -7
-9 -8
-6 -6
-3 -4
-0.5 -5
0 -3
-1 -2.5
-1 -1.5
0 -1
1
3.14159265 0 0 1
0 -8.1 0

-1 0
-1.25 0
-1.5 0
-2 0
-2.5 0
-3 0
-3.5 0
-4 0
-7 -2
-8 -4
-8 -7
-7 -8
-6 -6
-3 -4
-0.5 -5
-1 -3
-1 -2.5
-1 -1.5
-1 -1
1
3.14159265 0 0 1
0 -10 0

-4 -2
-4 -2
-4 -2
-4 -2
-4 -2
-4 -2
-4 -2
-4 -2
-4 -2
-4 -2
-4 -2
-4 -2
-4 -2
-4 -2
-4 -2
-4 -2
-4 -2
-4 -2
-4 -2
0.1
3.14159265 0 0 1
0 -10.1 0

-4 -2
-4 -2
-4 -2
-4 -2
-4 -2
-4 -2
-4 -2
-4 -2
-4 -2
-4 -2
-4 -2
-4 -2
-4 -2
-4 -2
-4 -2
-4 -2
-4 -2
-4 -2
-4 -2
0.0
3.14159265 0 0 1
0 -10.2 0