BSPLINE
16
4

5 5
-5 5
-5 -5
5 -5
0.3
0 0 0 0
0 100 0

5 5
-5 5
-5 -5
5 -5
0.3
0 0 0 0
0 95 0

5 5
-5 5
-5 -5
5 -5
0.3
0 0 0 0
0 90 0

5 5
-5 5
-5 -5
5 -5
0.3
0 0 0 0
0 45 0

5 5
-5 5
-5 -5
5 -5
0.3
0 0 0 0
0 42 0

5 5
-5 5
-5 -5
5 -5
0.3
0 0 0 0
0 41 0

5 5
-5 5
-5 -5
5 -5
1
0 0 0 0
0 40 0

5 5
-5 5
-5 -5
5 -5
1
0 0 0 0
0 30 0

5 5
-5 5
-5 -5
5 -5
1
0 0 0 0
0 20 0


5 5
-5 5
-5 -5
5 -5
1
0 0 0 0
0 17 0

5 5
-5 5
-5 -5
5 -5
1
0 0 0 0
0 16 0

5 5
-5 5
-5 -5
5 -5
1
0 0 0 0
0 15 0

5 5
-5 5
-5 -5
5 -5
2
0 0 0 0
0 10 0

5 5
-5 5
-5 -5
5 -5
3
0 0 0 0
0 5 0

5 5
-5 5
-5 -5
5 -5
4
0 0 0 0
0 0 0

5 5
-5 5
-5 -5
5 -5
5
0 0 0 0
0 -5 0